  0.000000000000e+000  0.000000000000e+000  1.591005498097e+000
  1.111111111111e-001  5.597009455176e-001  1.947443094959e+000
  2.222222222222e-001  6.694198434292e-001  1.897469595762e+000
  3.333333333333e-001  6.310078066293e-001  1.713708413574e+000
  4.444444444444e-001  5.438321048451e-001  1.485905264292e+000
  5.555555555556e-001  4.406037464882e-001  1.243603808272e+000
  6.666666666667e-001  3.320909661518e-001  9.965296113399e-001
  7.777777777778e-001  2.218385911553e-001  7.478842615663e-001
  8.888888888889e-001  1.110135537949e-001  4.987216992946e-001
  1.000000000000e+000  5.888573049312e-018  2.493888742953e-001
